Desayuno - General -----------------------------------------------------------------------------------

Leche	2.0	2.0	480.0	296.0	15.8	16.0	22.4	480.0	2
Plátano	2.0	1.0	108.0	96.0	1.2	0.4	24.8	108.0	1
Chocolate Don Gustavo	3.0	6.0	30.0	123.0	1.8	2.1	24.3	30.0	6
Avena en hojuelas	1.0	0.5	20.0	73.0	3.2	1.3	13.4	20.0	0.5
Pan siete granos	4.0	4.0	104.0	260.0	10.4	4.0	48.4	104.0	4
Frijoles refritos	2.0	0.6666	150.0	190.0	8.2	8.2	22.6	150	0.6666
Queso gouda	2.0	60.0	60.0	214.0	15.0	16.4	1.4	60	60.0
Jitomate	1.0	1.0	116.0	21.0	1.0	0.2	4.5	116.0	1
Cebolla blanca	0.5	0.25	29.0	11.5	0.3	0.05	2.7	29.0	0.25
Mayonesa	4.0	4.0	20.0	136.0	0.4	14.4	0.8	20.0	4

Desayuno - Ajustado

Leche	0.5	0.5	120.0	74.0	3.95	4.0	5.6	120.0	0.5
Plátano	1.0	0.5	54.0	48.0	0.6000000000000001	0.2	12.4	54.0	0.5
Chocolate Don Gustavo	1.0	2.0	10.0	41.0	0.6	0.7	8.1	10.0	2
Avena en hojuelas	0.5	0.25	10.0	36.5	1.6	0.65	6.7	10	0.25
Pan siete granos	1.0	1.0	26.0	65.0	2.6	1.0	12.1	26.0	1
Frijoles refritos	0.5	0.16665	37.5	47.5	2.05	2.05	5.65	37.5	0.16665
Queso gouda	0.5	15.0	15.0	53.5	3.75	4.1	0.35	15	15.0
Jitomate	0.25	0.25	29.0	5.25	0.25	0.05	1.125	29.0	0.25
Cebolla blanca	0.25	0.125	14.5	5.75	0.15	0.025	1.35	14.5	0.125
Mayonesa	0.25	0.25	1.25	8.5	0.025	0.9	0.05	1.25	0.25

Comida - Datos -------------------------------------------------------------------------------------

Agua	1	1	240	0	0	0	0	240.0	1
Azúcar	1	2	8	33	0	0	8.4	8.0	2
Jugo de limón	1	0.75	180	45	0.7	0	15.6	240.0	1
Fresa Rebanada	1	1	166	53	1.1	0.5	12.7	41.5	0.25
Carne Molida de Res	1	30	30	54	6.2	3.0	0	270.0	270
Cebolla Blanca Rebanada	1	0.5	58	23	0.6	0.1	5.4	29.0	0.25
Espinaca Cruda	1	2	120	28	3.4	0.4	4.4	30	0.5
Sal	1	1	6	0	0	0	0	24.0	4
Pimienta	1	1	2	5	0.2	0.1	1.3	8.0	4
Puré de papa	1	0.5	68	58	1.2	0.1	13.7	272.0	2
Leche entera	1	1	240	148	7.9	8	11.2	120.0	0.5
Mantequilla sin sal	1	1.5	6	47	0.1	5.3	0	16.0	4
Calabacita alargada cruda	1	1	91	21	1.6	0.1	3.4	45.5	0.5
Agua	1	1	240	0	0	0	0	240.0	1
Brócoli Cocido	1	0.5	92	26	2.7	0.4	4.6	92.0	0.5
Zanahoria Picada	1	0.5	64	26	0.6	0.2	4.3	32.0	0.25
Manzana amarilla	1	1	100	65	0.3	0.3	16.5	100.0	1
Chile Tajín	1	0.25	1	1	0	0	0.2	5	1.25

Comida - Ajustado

Agua	0.42	0.42	99.9	0.0	0.0	0.0	0.0	99.90	0.42
Azúcar	1.261261261261261	2.492492492492492	10.0	41.26126126126126	0.0	0.0	10.51051051051051	10	2.492492492492492
Jugo de limón	0.55	0.42	99.9	24.97	0.39	0.0	8.66	99.90	0.42
Fresa Rebanada	0.1	0.1	17.27	5.52	0.11	0.05	1.32	17.27	0.10
Carne Molida de Res	3.75	112.38	112.38	202.29	23.23	11.24	0.0	112.38	112.38
Cebolla Blanca Rebanada	0.21	0.1	12.07	4.79	0.12	0.02	1.12	12.07	0.10
Espinaca Cruda	0.1	0.21	12.49	2.91	0.35	0.04	0.46	12.49	0.21
Sal	1.66	1.66	9.99	0.0	0.0	0.0	0.0	9.99	1.66
Pimienta	1.66	1.66	3.33	8.32	0.33	0.17	2.16	3.33	1.66
Puré de papa	4.0	2.0	272.81927710843377	232.6987951807229	4.819277108433735	0.4096385542168675	54.96385542168675	272.81927710843377	2
Leche entera	0.21	0.21	49.95	30.8	1.64	1.66	2.33	49.95	0.21
Mantequilla sin sal	2.5	3.7387387387387383	15.0	117.5	0.24774774774774774	13.243243243243242	0.0	15	3.7387387387387383
Calabacita alargada cruda	0.21	0.21	18.94	4.37	0.33	0.02	0.71	18.94	0.21
Agua	0.42	0.42	99.9	0.0	0.0	0.0	0.0	99.90	0.42
Brócoli Cocido	0.42	0.21	38.29	10.82	1.12	0.17	1.91	38.29	0.21
Zanahoria Picada	0.21	0.1	13.32	5.41	0.12	0.04	0.89	13.32	0.10
Manzana amarilla	0.42	0.42	41.62	27.06	0.12	0.12	6.87	41.62	0.42
Chile Tajín	10.0	2.5	10.0	10.0	0.0	0.0	2.019230769230769	10	2.5

Cena - Datos ----------------------------------------------------------------------------------------------

Leche Entera	1	1	240	148	7.9	8	11.2	120.0	0.5
Fresa Entera	1	17	204	65	1.4	0.6	15.7	60.0	5
Azúcar de mesa	1	2	8	33	0	0	8.4	16.0	4
Hojuelas de avena	1	0.333	26	65	4.6	1.9	17.5	26	0.333
Tortilla de harina	1	1	28	80	1.9	1.9	13.4	28.0	1
Jamón Virginia	1	1.5	32	95	4.9	8.2	0.2	32.0	1.5
Queso Panela	1	40	40	58	6.1	2.8	2	40	40.0
Espinaca cruda	1	2	120	28	3.4	0.4	4.4	15	0.25

Cena - Ajustado

Leche Entera	0.5	0.5	120.0	74.0	3.95	4.0	5.6	120.0	0.5
Fresa Entera	0.14705882352941177	2.5	30.0	9.558823529411764	0.20588235294117646	0.08823529411764706	2.3088235294117645	30	2.5
Azúcar de mesa	3.0	6.0	24.0	99.0	0.0	0.0	25.200000000000003	24.0	6
Hojuelas de avena	0.576923076923077	0.19211538461538463	15.0	37.5	2.6538461538461537	1.096153846153846	10.096153846153847	15	0.19211538461538463
Tortilla de harina	1.0	1.0	28.0	80.0	1.9	1.9	13.4	28.0	1
Jamón Virginia	0.6666666666666666	1.0	21.333333333333332	63.33333333333333	3.2666666666666666	5.466666666666666	0.13333333333333333	21.333333333333332	1
Queso Panela	0.5	20.0	20.0	29.0	3.05	1.4	1.0	20	20.0
Espinaca cruda	0.125	0.25	15.0	3.5	0.425	0.05	0.55	15	0.25



Datos - Generales ------TARGETS:--NRG:500/1000--PTN:18.75/37.5--LIP:16.66/33.33--CRB:68.75/137.5--------------------------

Verduras	1	1	1	25	2	0	4	1	1.0
Frutas	1	1	1	60	0	0	15	1	1.0
Cereales y tuberculos con grasa	1	1	1	115	2	5	15	1	1.0
Leguminosas	1	1	1	120	8	1	20	1	1.0
Origen Animal MBAG	1	1	1	40	7	1	0	1	1.0
Leche Descremada	1	1	1	95	9	2	12	1	1.0
Aceites y grasas sin proteína	1	1	1	45	0	5	0	1	1.0
Azúcares sin grasa	1	1	1	40	0	0	10	1	1.0
Azúcares con grasa	1.0	1.0	1.0	40.0	0.0	5.0	10.0	1	1.0
Alimentos libres en energía	1	1	1	0	0	0	0	1	1.0

Desayuno - General

Verduras	2.0	2.0	2.0	50.0	4.0	0.0	8.0	2	2.0
Frutas	1.5	1.5	1.5	90.0	0.0	0.0	22.5	1.5	1.5
Cereales y tuberculos con grasa	1.0	1.0	1.0	115.0	2.0	5.0	15.0	1	1.0
Leguminosas	0.5	0.5	0.5	60.0	4.0	0.5	10.0	0.5	0.5
Origen Animal MBAG	0.5	0.5	0.5	20.0	3.5	0.5	0.0	0.5	0.5
Leche Descremada	0.5	0.5	0.5	47.5	4.5	1.0	6.0	0.5	0.5
Aceites y grasas sin proteína	1.0	1.0	1.0	45.0	0.0	5.0	0.0	1	1.0
Azúcares con grasa	1.0	1.0	1.0	40.0	0.0	5.0	10.0	1	1.0
Alimentos libres en energía	1.0	1.0	1.0	0.0	0.0	0.0	0.0	1	1.0

                                             NRG: 467.50 PTN: 18 LIP: 17 CRB: 71.50
                                             
Comida - General Doble Del Desayuno

Verduras	4.0	4.0	4.0	100.0	8.0	0.0	16.0	4.00	4.00
Frutas	3.0	3.0	3.0	180.0	0.0	0.0	45.0	3.00	3.00
Cereales y tuberculos con grasa	2.0	2.0	2.0	230.0	4.0	10.0	30.0	2.00	2.00
Leguminosas	1.0	1.0	1.0	120.0	8.0	1.0	20.0	1.00	1.00
Origen Animal MBAG	1.0	1.0	1.0	40.0	7.0	1.0	0.0	1.00	1.00
Leche Descremada	1.0	1.0	1.0	95.0	9.0	2.0	12.0	1.00	1.00
Aceites y grasas sin proteína	2.0	2.0	2.0	90.0	0.0	10.0	0.0	2.00	2.00
Azúcares con grasa	2.0	2.0	2.0	80.0	0.0	10.0	20.0	2.00	2.00
Alimentos libres en energía	2.0	2.0	2.0	0.0	0.0	0.0	0.0	2.00	2.00

                                             NRG: 935 PTN: 36 LIP: 34 CRB: 143

Comida - General Sin Leche

Verduras	4.0	4.0	4.0	100.0	8.0	0.0	16.0	4.00	4.00
Frutas	3.0	3.0	3.0	180.0	0.0	0.0	45.0	3.00	3.00
Cereales y tuberculos con grasa	2.0	2.0	2.0	230.0	4.0	10.0	30.0	2.00	2.00
Leguminosas	1.5	1.5	1.5	180.0	12.0	1.5	30.0	1.5	1.5
Origen Animal MBAG	2.0	2.0	2.0	80.0	14.0	2.0	0.0	2	2.0
Aceites y grasas sin proteína	2.0	2.0	2.0	90.0	0.0	10.0	0.0	2.00	2.00
Azúcares con grasa	2.0	2.0	2.0	80.0	0.0	10.0	20.0	2.00	2.00
Alimentos libres en energía	2.0	2.0	2.0	0.0	0.0	0.0	0.0	2.00	2.00

                                             NRG: 940 PTN: 38 LIP: 33.5 CRB: 141
                                    
Cena - General Igual que el Desayuno

Verduras	2.0	2.0	2.0	50.0	4.0	0.0	8.0	2	2.0
Frutas	1.5	1.5	1.5	90.0	0.0	0.0	22.5	1.5	1.5
Cereales y tuberculos con grasa	1.0	1.0	1.0	115.0	2.0	5.0	15.0	1	1.0
Leguminosas	0.5	0.5	0.5	60.0	4.0	0.5	10.0	0.5	0.5
Origen Animal MBAG	0.5	0.5	0.5	20.0	3.5	0.5	0.0	0.5	0.5
Leche Descremada	0.5	0.5	0.5	47.5	4.5	1.0	6.0	0.5	0.5
Aceites y grasas sin proteína	1.0	1.0	1.0	45.0	0.0	5.0	0.0	1	1.0
Azúcares con grasa	1.0	1.0	1.0	40.0	0.0	5.0	10.0	1	1.0
Alimentos libres en energía	1.0	1.0	1.0	0.0	0.0	0.0	0.0	1	1.0

                                             NRG: 467.50 PTN: 18 LIP: 17 CRB: 71.50
                 
Cena - General Sin Tanta Verdura

Verduras	1.0	1.0	1.0	25.0	2.0	0.0	4.0	1	1.0
Frutas	1.0	1.0	1.0	60.0	0.0	0.0	15.0	1	1.0
Cereales y tuberculos con grasa	1.0	1.0	1.0	115.0	2.0	5.0	15.0	1	1.0
Leguminosas	0.25	0.25	0.25	30.0	2.0	0.25	5.0	0.25	0.25
Origen Animal MBAG	0.5	0.5	0.5	20.0	3.5	0.5	0.0	0.5	0.5
Leche Descremada	1.0	1.0	1.0	95.0	9.0	2.0	12.0	1	1.0
Aceites y grasas sin proteína	1.75	1.75	1.75	78.75	0.0	8.75	0.0	1.75	1.75
Azúcares sin grasa	2.0	2.0	2.0	80.0	0.0	0.0	20.0	2	2.0
Alimentos libres en energía	1.0	1.0	1.0	0.0	0.0	0.0	0.0	1	1.0

                                             NRG: 503.75 PTN: 18.5 LIP: 16.5 CRB: 71
                                
Receta Puré Datos -----------------------------------------------------------------------------------------

Leche	1.0	1.0	240.0	148.0	7.9	8.0	11.2	240.0	1
Manzana	1.0	1.0	106.0	55.0	0.3	0.2	14.7	106	1.0
Plátano	1.0	0.5	54.0	48.0	0.6	0.2	12.4	54.0	0.5
Avena en hojuelas	1.0	0.5	20.0	73.0	3.2	1.3	13.4	20.0	0.5
Canela	1.0	1.0	2.0	5.0	0.1	0.1	1.6	2	1.0
Vainilla	1.0	1.0	5.0	8.0	0.0	0.0	0.4	5	1.0
Azúcar blanca	1.0	2.0	8.0	33.0	0.0	0.0	8.4	8	2.0
Manzana	1.0	1.0	106.0	55.0	0.3	0.2	14.7	106	1.0
Plátano	1.0	0.5	54.0	48.0	0.6	0.2	12.4	54.0	0.5
Agua	1.0	1.0	240.0	0.0	0.0	0.0	0.0	240	1.0
Hielo	1.0	1.0	55.0	0.0	0.0	0.0	0.0	55	1.0
Fresa Rebanada	0.25	0.25	41.5	13.25	0.275	0.125	3.175	41.5	0.25
Azúcar blanca	1.0	2.0	8.0	33.0	0.0	0.0	8.4	8	2.0



Receta Puré Ajustado --------------------------------------------------------------------------------------

Leche	0.5	0.5	120.0	74.0	3.95	4.0	5.599999999999999	120.0	0.5
Manzana	0.5	0.5	53.0	27.5	0.15	0.1	7.35	53.0	0.5
Plátano	1.0	0.5	54.0	48.0	0.6	0.2	12.4	54.0	0.5
Avena en hojuelas	2.0	1.0	40.0	146.0	6.4	2.6	26.8	40.0	1
Canela	1.0	1.0	2.0	5.0	0.1	0.1	1.6	2	1.0
Vainilla	1.0	1.0	5.0	8.0	0.0	0.0	0.4	5	1.0
Agua	1.0	1.0	240.0	0.0	0.0	0.0	0.0	240	1.0
Hielo	1.0	1.0	55.0	0.0	0.0	0.0	0.0	55	1.0
Fresa Rebanada	0.25	0.25	41.5	13.25	0.275	0.125	3.175	41.5	0.25
Tofu	2.0	80.0	80.0	116.0	12.600000000000001	7.0	3.4000000000000004	80	80.0

                                             NRG: 437.75 PTN: 24.08 LIP: 14.12 CRB: 60.73
                                        
Nov 29 ----------------------------------------------------------------------------------------------------
